0.20282
0.20249500000000001
0.21442900000000001
0.21442900000000001
0.20799599999999999
0.21762999999999999
0.220662
0.218748
0.20993000000000001
0.22145799999999999
0.22764699999999999
0.231909
0.23693800000000001
0.24287600000000001
0.25125500000000001
0.24660899999999999
0.24365500000000001
0.24084800000000001
0.230017
0.247229
0.24381
0.24629799999999999
0.25895099999999999
0.25787700000000002
0.25695499999999999
0.247229
0.25541799999999998
0.256494
0.25603300000000001
0.25818400000000002
0.251718
0.25495600000000002
0.25833699999999998
0.25634099999999999
0.25341599999999997
0.26170700000000002
0.25772299999999998
0.26094200000000001
0.258797
0.25680199999999997
0.24521100000000001
0.25017299999999998
0.238817
0.25541799999999998
0.25541799999999998
0.254496
0.25403500000000001
0.24709200000000001
0.243836
0.24274799999999999
0.24445700000000001
0.25064700000000001
0.24041299999999999
0.24709200000000001
0.24925700000000001
0.241814
0.24910299999999999
0.25955499999999998
0.268233
0.25787100000000002
0.25126399999999999
0.25187999999999999
0.25110900000000003
0.25187999999999999
0.25848399999999999
0.25203399999999998
0.254496
0.25511099999999998
0.24956600000000001
0.25403500000000001
0.25341999999999998
0.25203399999999998
0.24987500000000001
0.25126399999999999
0.25511099999999998
0.25511099999999998
0.25326599999999999
0.25218800000000002
0.25218800000000002
0.25018400000000002
0.246473
0.243059
0.22073799999999999
0.20519899999999999
0.210512
0.21531800000000001
0.213559
0.20890500000000001
0.195465
0.19006999999999999
0.19154399999999999
0.19170799999999999
0.19579099999999999
0.19628000000000001
0.198882
0.202127
0.21435899999999999
0.20954800000000001
0.20632800000000001
0.19741900000000001
0.19758200000000001
0.20050599999999999
0.197744
0.18875800000000001
0.18990599999999999
0.20196500000000001
0.19595399999999999
0.19595399999999999
0.203259
0.201324
0.20277600000000001
0.20083999999999999
0.19711799999999999
0.19938500000000001
0.20019300000000001
0.19841400000000001
0.198576
0.19808999999999999
0.19695499999999999
0.19419500000000001
0.19012200000000001
0.19273100000000001
0.196469
0.196793
0.19922300000000001
0.20019300000000001
0.20872299999999999
0.20872299999999999
0.21845100000000001
0.220196
0.214476
0.226827
0.226827
0.22414799999999999
0.21813399999999999
0.221779
0.22572500000000001
0.22792899999999999
0.22525200000000001
0.231851
0.24213299999999999
0.26010499999999998
0.25537399999999999
0.25583299999999998
0.26919700000000002
0.25995200000000002
0.25277100000000002
0.26511600000000002
0.26056099999999999
0.25964799999999999
0.269951
0.26813999999999999
0.261322
0.25200400000000001
0.25995200000000002
0.26056099999999999
0.25995200000000002
0.253384
0.247697
0.26344800000000002
0.25399699999999997
0.25246400000000002
0.25108200000000003
0.25292399999999998
0.25292399999999998
0.25384400000000001
0.25123600000000001
0.25185000000000002
0.25292399999999998
0.25154300000000002
0.25139
0.25292399999999998
0.254915
0.254303
0.25079499999999999
0.25140600000000002
0.25064199999999998
0.25338899999999998
0.25064199999999998
0.248807
0.251253
0.251253
0.25171100000000002
0.26037500000000002
0.26535599999999998
0.26309500000000002
0.26324599999999998
0.26460299999999998
0.26505499999999999
0.27390300000000001
0.27955999999999998
0.28059899999999999
0.27851999999999999
0.29224600000000001
0.30231000000000002
0.30259999999999998
0.29473500000000002
0.29780099999999998
0.30158400000000002
0.30143900000000001
0.30549700000000002
0.297072
0.31528600000000001
0.321853
0.32427
0.33766600000000002
0.33035599999999998
0.32099899999999998
0.32099899999999998
0.32583000000000001
0.32611400000000001
0.32611400000000001
0.33668500000000001
0.34589700000000001
0.34548000000000001
0.34492400000000001
0.34116200000000002
0.34004499999999999
0.341999
0.35392200000000001
0.34991800000000001
0.35005599999999998
0.34534100000000001
0.34422799999999998
0.34116200000000002
0.34227800000000003
0.33934599999999998
0.34520200000000001
0.34506300000000001
0.34032400000000002
0.342418
0.34297499999999997
0.33486100000000002
0.33387699999999998
0.33387699999999998
0.31169799999999998
0.31370900000000002
0.31728899999999999
0.31256
0.30181799999999998
0.32895200000000002
0.31767600000000001
0.31013499999999999
0.31227500000000002
0.313415
0.32417499999999999
0.322625
0.32107200000000002
0.31141999999999997
0.30612899999999998
0.30641499999999999
0.303257
0.30368800000000001
0.304981
0.29459099999999999
0.29415599999999997
0.303975
0.29270400000000002
0.29241299999999998
0.29008400000000001
0.29008400000000001
0.28921000000000002
0.284385
0.284385
0.27259299999999997
0.26709100000000002
0.26305800000000001
0.26485199999999998
0.26140999999999998
0.259158
0.258857
0.27481499999999998
0.26275799999999999
0.24599699999999999
0.24584400000000001
0.249948
0.25085800000000003
0.25900800000000002
0.26664399999999999
0.26230900000000001
0.26260800000000001
0.26035900000000001
0.26858100000000001
0.26500200000000002
0.25795499999999999
0.25343100000000002
0.25825599999999999
0.254639
0.25237199999999999
0.25674999999999998
0.25599699999999997
0.25539400000000001
0.25373299999999999
0.26410499999999998
0.26649499999999998
0.28891800000000001
0.30008800000000002
0.29922199999999999
0.31597399999999998
0.31710899999999997
0.30713200000000002
0.30970700000000001
0.31909300000000002
0.31725100000000001
0.31455300000000003
0.31933600000000001
0.32674599999999998
0.32213799999999998
0.31821199999999999
0.31821199999999999
0.320878
0.31694699999999998
0.31342399999999998
0.30178100000000002
0.298348
0.30449100000000001
0.30249500000000001
0.30719400000000002
0.311305
0.30605700000000002
0.299923
0.30120999999999998
0.30363600000000002
0.30320900000000001
0.29763099999999998
0.28333199999999997
0.28333199999999997
0.28493099999999999
0.28172999999999998
0.28275
0.28114699999999998
0.28942299999999999
0.29877799999999999
0.30335099999999998
0.30634099999999997
0.30163899999999999
0.31045600000000001
0.30918000000000001
0.31087999999999999
0.31694699999999998
0.295765
0.29403899999999999
0.29288700000000001
0.31243599999999999
0.30988900000000003
0.31849300000000003
0.336449
0.337001
0.33713900000000002
0.34728799999999999
0.34332299999999999
0.34728799999999999
0.35949500000000001
0.35828100000000002
0.36514099999999999
0.36339700000000003
0.36003400000000002
0.35313899999999998
0.35422399999999998
0.34578599999999998
0.35584900000000003
0.35787600000000003
0.35787600000000003
0.35720099999999999
0.362456
0.360842
0.36043799999999998
0.36043799999999998
0.37062200000000001
0.38136300000000001
0.37151000000000001
0.37506800000000001
0.37638300000000002
0.37690800000000002
0.37546299999999999
0.37625199999999998
0.37900699999999998
0.40295799999999998
0.409715
0.41415200000000002
0.41415200000000002
0.41869600000000001
0.42647299999999999
0.41743599999999997
0.41995500000000002
0.42397099999999999
0.42058299999999998
0.42959199999999997
0.42959199999999997
0.44491999999999998
0.44491999999999998
0.44553300000000001
0.46483799999999997
0.46483799999999997
0.45091300000000001
0.40958800000000001
0.39988299999999999
0.39859899999999998
0.402702
0.405003
0.41225299999999998
0.41693200000000002
0.42096
0.385407
0.394092
0.402702
0.41263300000000003
0.413773
0.41161900000000001
0.40793499999999999
0.40818900000000002
0.41250700000000001
0.41402600000000001
0.40564099999999997
0.39525300000000002
0.40385300000000002
0.40295799999999998
0.403086
0.39641199999999999
0.39679799999999998
0.39744200000000002
0.39679799999999998
0.394737
0.380185
0.380185
0.38657799999999998
0.38722800000000002
0.38696799999999998
0.38852599999999998
0.39331700000000003
0.39731300000000003
0.39744200000000002
0.399113
0.400781
0.40103699999999998
0.39989000000000002
0.39131100000000002
0.39388000000000001
0.39682499999999998
0.40497699999999998
0.4032
0.40269100000000002
0.40192800000000001
0.407891
0.41230800000000001
0.40827000000000002
0.40624500000000002
0.39516099999999998
0.40129199999999998
0.40915499999999999
0.40928100000000001
0.41079599999999999
0.42083500000000001
0.421209
0.43447599999999997
0.42507099999999998
0.42829800000000001
0.43052699999999999
0.43052699999999999
0.43188599999999999
0.42457400000000001
0.41695700000000002
0.41946
0.41983500000000001
0.41469800000000001
0.41142600000000001
0.41406900000000002
0.43693599999999999
0.43373699999999998
0.43003200000000003
0.42966100000000002
0.43188599999999999
0.43003200000000003
0.42544399999999999
0.42594100000000001
0.42420000000000002
0.42482199999999998
0.42668600000000001
0.42245700000000003
0.42370200000000002
0.42270600000000003
0.425817
0.42345300000000002
0.42432500000000001
0.42420000000000002
0.42780299999999999
0.42742999999999998
0.425817
0.42444900000000002
0.42208299999999999
0.41532599999999997
0.42308000000000001
0.42295500000000003
0.42332900000000001
0.425817
0.42842200000000003
0.42631400000000003
0.42469800000000002
0.42108400000000001
0.42108400000000001
