-0.00032499999999999196
0.011934
0
-0.006433000000000022
0.0096340000000000037
0.0030320000000000069
-0.001913999999999999
-0.0088179999999999925
0.011527999999999983
0.0061890000000000001
0.0042620000000000158
0.0050290000000000057
0.0059379999999999988
0.0083789999999999976
-0.0046460000000000112
-0.0029539999999999844
-0.0028070000000000039
-0.010831000000000007
0.017212000000000005
-0.0034190000000000054
0.0024879999999999902
0.012652999999999998
-0.0010739999999999639
-0.0009220000000000339
-0.0097259999999999847
0.0081889999999999741
0.0010760000000000214
-0.0004609999999999892
0.002151000000000014
-0.0064660000000000273
0.0032380000000000186
0.0033809999999999674
-0.0019959999999999978
-0.0029250000000000109
0.0082910000000000483
-0.0039840000000000431
0.0032190000000000274
-0.002145000000000008
-0.0019950000000000245
-0.011590999999999962
0.0049619999999999664
-0.011355999999999977
0.016600999999999977
0
-0.00092199999999997839
-0.0004609999999999892
-0.0069430000000000047
-0.0032560000000000089
-0.0010880000000000056
0.0017090000000000161
0.0061900000000000011
-0.010234000000000021
0.0066790000000000183
0.0021650000000000003
-0.0074430000000000052
0.0072889999999999899
0.010451999999999989
0.008678000000000019
-0.010361999999999982
-0.0066070000000000295
0.00061600000000000543
-0.00077099999999996616
0.00077099999999996616
0.0066039999999999988
-0.0064500000000000113
0.0024620000000000197
0.00061499999999997668
-0.0055449999999999666
0.0044690000000000007
-0.00061500000000003219
-0.0013859999999999983
-0.0021589999999999665
0.0013889999999999736
0.0038469999999999893
0
-0.0018449999999999855
-0.0010779999999999679
0
-0.0020040000000000058
-0.0037110000000000198
-0.0034140000000000004
-0.022321000000000008
-0.015538999999999997
0.0053130000000000122
0.0048060000000000047
-0.0017590000000000106
-0.0046539999999999915
-0.013440000000000007
-0.0053950000000000109
0.0014740000000000031
0.00016399999999999748
0.0040830000000000033
0.0004890000000000172
0.0026019999999999932
0.0032449999999999979
0.012231999999999993
-0.004810999999999982
-0.0032200000000000006
-0.0089090000000000003
0.00016299999999999648
0.0029239999999999822
-0.0027619999999999867
-0.008985999999999994
0.0011479999999999824
0.012059000000000014
-0.0060110000000000163
0
0.0073050000000000059
-0.0019349999999999923
0.0014520000000000088
-0.001936000000000021
-0.0037220000000000031
0.002267000000000019
0.00080800000000000316
-0.0017790000000000028
0.00016199999999999548
-0.0004860000000000142
-0.0011349999999999971
-0.0027599999999999847
-0.0040729999999999933
0.0026090000000000002
0.0037379999999999913
0.00032399999999999096
0.0024300000000000155
0.00096999999999999864
0.008529999999999982
0
0.0097280000000000144
0.0017449999999999966
-0.0057200000000000029
0.012351000000000001
0
-0.0026790000000000147
-0.0060139999999999916
0.0036450000000000093
0.0039460000000000051
0.0022039999999999837
-0.0026769999999999849
0.0065989999999999938
0.010281999999999986
0.017971999999999988
-0.0047309999999999852
0.0004589999999999872
0.013364000000000043
-0.0092450000000000032
-0.0071809999999999929
0.012344999999999995
-0.0045550000000000312
-0.00091299999999999715
0.010303000000000007
-0.001811000000000007
-0.0068179999999999907
-0.009317999999999993
0.0079480000000000106
0.00060899999999997068
-0.00060899999999997068
-0.0065680000000000183
-0.0056869999999999976
0.015751000000000015
-0.0094510000000000427
-0.0015329999999999511
-0.0013819999999999943
0.0018419999999999548
0
0.0009200000000000319
-0.0026079999999999992
0.00061400000000000343
0.0010739999999999639
-0.0013809999999999656
-0.00015300000000001424
0.0015339999999999798
0.0019910000000000205
-0.00061200000000000143
-0.0035080000000000111
0.00061100000000002819
-0.00076400000000004242
0.0027469999999999994
-0.0027469999999999994
-0.0018349999999999755
0.0024460000000000037
0
0.00045800000000001395
0.008664000000000005
0.0049809999999999577
-0.0022609999999999575
0.00015099999999995672
0.0013569999999999971
0.00045200000000000795
0.0088480000000000225
0.0056569999999999676
0.0010390000000000121
-0.0020789999999999975
0.013726000000000016
0.010064000000000017
0.00028999999999995696
-0.0078649999999999554
0.0030659999999999576
0.0037830000000000363
-0.00014500000000000624
0.004058000000000006
-0.0084250000000000158
0.018214000000000008
0.0065669999999999895
0.0024170000000000025
0.013396000000000019
-0.0073100000000000387
-0.0093570000000000042
0
0.0048310000000000297
0.00028400000000000647
0
0.010570999999999997
0.009211999999999998
-0.0004170000000000007
-0.00055600000000000094
-0.0037619999999999876
-0.0011170000000000346
0.0019540000000000113
0.011923000000000017
-0.0040040000000000076
0.00013799999999997148
-0.0047149999999999692
-0.0011130000000000306
-0.0030659999999999576
0.0011160000000000059
-0.0029320000000000457
0.0058560000000000278
-0.00013900000000000023
-0.0047389999999999932
0.0020939999999999848
0.00055699999999997418
-0.0081139999999999546
-0.0009840000000000404
0
-0.022179000000000004
0.0020110000000000405
0.0035799999999999721
-0.0047289999999999832
-0.010742000000000029
0.027134000000000047
-0.011276000000000008
-0.0075410000000000199
0.0021400000000000308
0.0011399999999999744
0.010759999999999992
-0.0015499999999999958
-0.0015529999999999711
-0.0096520000000000494
-0.0052909999999999902
0.00028600000000000847
-0.0031579999999999941
0.0004310000000000147
0.0012929999999999886
-0.01039000000000001
-0.00043500000000001871
0.0098190000000000222
-0.011270999999999975
-0.00029100000000004123
-0.00232899999999997
0
-0.0008739999999999859
-0.0048250000000000237
0
-0.011792000000000025
-0.0055019999999999514
-0.0040330000000000088
0.0017939999999999623
-0.0034420000000000006
-0.0022519999999999762
-0.00030099999999999572
0.015957999999999972
-0.012056999999999984
-0.016760999999999998
-0.00015299999999998648
0.0041039999999999965
0.0009100000000000219
0.0081499999999999906
0.0076359999999999761
-0.0043349999999999778
0.00029899999999999372
-0.002249000000000001
0.0082220000000000071
-0.0035789999999999988
-0.0070470000000000255
-0.0045239999999999725
0.0048249999999999682
-0.0036169999999999813
-0.002267000000000019
0.004377999999999993
-0.00075300000000000367
-0.00060299999999996468
-0.0016610000000000236
0.010371999999999992
0.0023900000000000032
0.022423000000000026
0.011170000000000013
-0.00086600000000003341
0.016751999999999989
0.0011349999999999971
-0.0099769999999999581
0.002574999999999994
0.0093860000000000054
-0.0018420000000000103
-0.0026979999999999782
0.0047829999999999817
0.0074099999999999722
-0.004608000000000001
-0.0039259999999999851
0
0.0026660000000000017
-0.0039310000000000178
-0.0035229999999999984
-0.011642999999999959
-0.0034330000000000194
0.0061430000000000096
-0.0019959999999999978
0.0046990000000000087
0.0041109999999999758
-0.0052479999999999749
-0.0061340000000000283
0.0012869999999999826
0.0024260000000000392
-0.0004270000000000107
-0.0055780000000000274
-0.014299000000000006
0
0.0015990000000000171
-0.0032010000000000094
0.0010200000000000209
-0.0016030000000000211
0.0082760000000000056
0.0093550000000000022
0.0045729999999999937
0.0029899999999999927
-0.004701999999999984
0.0088170000000000193
-0.0012759999999999994
0.0016999999999999793
0.0060669999999999891
-0.021181999999999979
-0.0017260000000000053
-0.0011519999999999864
0.019548999999999983
-0.002546999999999966
0.0086040000000000005
0.017955999999999972
0.00055199999999999694
0.00013800000000002699
0.010148999999999964
-0.0039649999999999963
0.0039649999999999963
0.012207000000000023
-0.0012139999999999929
0.0068599999999999772
-0.0017439999999999678
-0.0033630000000000049
-0.00689500000000004
0.0010850000000000026
-0.0084380000000000011
0.010063000000000044
0.002027000000000001
0
-0.00067500000000003668
0.0052550000000000097
-0.0016140000000000043
-0.00040400000000001546
0
0.010184000000000026
0.010741000000000001
-0.0098530000000000006
0.0035580000000000056
0.0013150000000000106
0.00052499999999999769
-0.0014450000000000296
0.00078899999999998416
0.0027550000000000074
0.023951
0.006757000000000013
0.0044370000000000243
0
0.0045439999999999925
0.0077769999999999784
-0.0090370000000000172
0.002519000000000049
0.004015999999999964
-0.0033880000000000021
0.0090089999999999892
0
0.015328000000000008
0
0.00061300000000003019
0.019304999999999961
0
-0.013924999999999965
-0.041325000000000001
-0.0097050000000000192
-0.0012840000000000074
0.0041030000000000233
0.0023009999999999975
0.0072499999999999787
0.0046790000000000442
0.004027999999999976
-0.035553000000000001
0.0086849999999999983
0.0086100000000000065
0.0099310000000000231
0.0011399999999999744
-0.0021539999999999893
-0.0036840000000000206
0.00025400000000003198
0.0043179999999999885
0.0015189999999999926
-0.0083850000000000313
-0.010387999999999953
0.0085999999999999965
-0.00089500000000003466
0.00012800000000001699
-0.0066740000000000133
0.00038599999999999746
0.00064400000000003343
-0.00064400000000003343
-0.0020609999999999795
-0.014552000000000009
0
0.006392999999999982
0.00065000000000003944
-0.00026000000000003798
0.0015580000000000038
0.0047910000000000452
0.0039959999999999996
0.00012899999999999023
0.0016709999999999781
0.0016680000000000028
0.00025599999999997847
-0.0011469999999999536
-0.0085790000000000033
0.002568999999999988
0.0029449999999999754
0.0081519999999999926
-0.001776999999999973
-0.00050899999999998169
-0.00076300000000001367
0.0059629999999999961
0.0044170000000000043
-0.004037999999999986
-0.002024999999999999
-0.011084000000000038
0.0061309999999999976
0.0078630000000000089
0.00012600000000001499
0.0015149999999999886
0.01003900000000002
0.00037399999999998546
0.013266999999999973
-0.0094049999999999967
0.0032270000000000354
0.002228999999999981
0
0.0013589999999999991
-0.0073119999999999852
-0.0076169999999999849
0.0025029999999999775
0.00037500000000001421
-0.0051370000000000027
-0.0032719999999999971
0.0026430000000000065
0.022866999999999971
-0.0031990000000000074
-0.0037049999999999583
-0.00037100000000001021
0.002224999999999977
-0.0018539999999999668
-0.0045880000000000365
0.0004970000000000252
-0.0017409999999999926
0.00062199999999995592
0.0018640000000000323
-0.0042289999999999828
0.0012449999999999961
-0.00099599999999999689
0.0031109999999999749
-0.0023639999999999772
0.0008719999999999839
-0.00012499999999998623
0.0036029999999999673
-0.00037300000000001221
-0.0016129999999999756
-0.0013679999999999803
-0.0023660000000000347
-0.006757000000000013
0.0077540000000000386
-0.00012499999999998623
0.00037399999999998546
0.0024879999999999902
0.002605000000000024
-0.0021079999999999988
-0.0016160000000000063
-0.0036140000000000061
0
